%YAML:1.0
R: !!opencv-matrix
   rows: 3
   cols: 3
   dt: d
   data: [ 9.9993818646370514e-01, 4.9824088534224239e-04,
       1.1107430292226578e-02, -5.9350908254720885e-04,
       9.9996305501968441e-01, 8.5753333852658289e-03,
       -1.1102747346735095e-02, -8.5813956743465755e-03,
       9.9990153947758020e-01 ]
T: !!opencv-matrix
   rows: 3
   cols: 1
   dt: d
   data: [ -5.6632201742872121e+00, -2.1531956644836062e-01,
       1.8408272961791894e-01 ]
R1: !!opencv-matrix
   rows: 3
   cols: 3
   dt: d
   data: [ 9.9902744001746768e-01, 3.8748022710786659e-02,
       -2.1041977762303484e-02, -3.8659751435763792e-02,
       9.9924190937548152e-01, 4.5858659560578004e-03,
       2.1203719274454507e-02, -3.7679282963361616e-03,
       9.9976807560818015e-01 ]
R2: !!opencv-matrix
   rows: 3
   cols: 3
   dt: d
   data: [ 9.9875127014648013e-01, 3.7973217332089408e-02,
       -3.2464367331623695e-02, -3.8108561379780796e-02,
       9.9926726264584864e-01, -3.5602463167574826e-03,
       3.2305385469858922e-02, 4.7929708660087939e-03,
       9.9946655246682536e-01 ]
P1: !!opencv-matrix
   rows: 3
   cols: 4
   dt: d
   data: [ 8.1468248783959109e+02, 0., 3.6913338661193848e+02, 0., 0.,
       8.1468248783959109e+02, 2.0084757423400879e+02, 0., 0., 0., 1.,
       0. ]
P2: !!opencv-matrix
   rows: 3
   cols: 4
   dt: d
   data: [ 8.1468248783959109e+02, 0., 3.6913338661193848e+02,
       -4.6194948018389050e+03, 0., 8.1468248783959109e+02,
       2.0084757423400879e+02, 0., 0., 0., 1., 0. ]
Q: !!opencv-matrix
   rows: 4
   cols: 4
   dt: d
   data: [ 1., 0., 0., -3.6913338661193848e+02, 0., 1., 0.,
       -2.0084757423400879e+02, 0., 0., 0., 8.1468248783959109e+02, 0.,
       0., 1.7635748556644903e-01, 0. ]
