<?xml version="1.0"?>
<opencv_storage>
<calibration_Time>"Mo 22 Feb 2016 11:06:32 CET"</calibration_Time>
<nrOfFrames>25</nrOfFrames>
<image_Width>640</image_Width>
<image_Height>480</image_Height>
<board_Width>9</board_Width>
<board_Height>6</board_Height>
<square_Size>50.</square_Size>
<FixAspectRatio>1.</FixAspectRatio>
<!-- flags:  +fix_aspectRatio +fix_principal_point +zero_tangent_dist -->
<flagValue>14</flagValue>
<Camera_Matrix type_id="opencv-matrix">
  <rows>3</rows>
  <cols>3</cols>
  <dt>d</dt>
  <data>
    5.4286805773255048e+02 0. 3.1950000000000000e+02 0.
    5.4286805773255048e+02 2.3950000000000000e+02 0. 0. 1.</data></Camera_Matrix>
<Distortion_Coefficients type_id="opencv-matrix">
  <rows>5</rows>
  <cols>1</cols>
  <dt>d</dt>
  <data>
    -3.0382171135104382e-03 -2.3062484658481770e-02 0. 0.
    1.9941714623150558e-01</data></Distortion_Coefficients>
<Avg_Reprojection_Error>4.7699922709987319e-01</Avg_Reprojection_Error>
<Per_View_Reprojection_Errors type_id="opencv-matrix">
  <rows>25</rows>
  <cols>1</cols>
  <dt>f</dt>
  <data>
    7.07305074e-01 4.26932961e-01 3.35989177e-01 3.99948835e-01
    4.27690119e-01 8.35540235e-01 3.90415281e-01 2.90837139e-01
    6.87155187e-01 5.30076385e-01 3.83133441e-01 5.30610800e-01
    4.52631056e-01 5.27594388e-01 5.65919459e-01 6.42824769e-01
    6.12394631e-01 4.90932763e-01 4.39045995e-01 2.53124356e-01
    2.45772064e-01 2.33630329e-01 1.57744706e-01 2.67146170e-01
    3.63889217e-01</data></Per_View_Reprojection_Errors>
<!-- a set of 6-tuples (rotation vector + translation vector) for each view -->
<Extrinsic_Parameters type_id="opencv-matrix">
  <rows>25</rows>
  <cols>6</cols>
  <dt>d</dt>
  <data>
    1.4487434711080634e-02 9.6064812245001893e-02
    -6.4061575461186026e-03 -4.0227401538642749e+02
    1.3766996877075769e+02 9.8720148549267753e+02
    -4.5047583185440145e-02 1.5616528376234734e-01
    2.2639818047392506e-02 -3.1849925288237085e+02
    -1.7953626832092800e+02 1.0457567406594910e+03
    -5.6246244614866292e-03 7.5340295830166645e-02
    -6.2661080388684010e-02 -6.7113185785344598e+01
    -2.1561643956039410e+02 9.4134479961237332e+02
    -7.5364177291492473e-02 2.6990314743434270e-02
    -5.0599839980040098e-03 -2.0861754952150584e+01
    -1.4483599151923471e+02 8.4941244185011874e+02
    -6.8202394085984289e-02 -3.2600617804952942e-01
    -5.2610349815890856e-02 -4.3013004229860833e+01
    -1.1631213121298661e+02 8.4665267659978963e+02
    -7.5983819440962080e-02 -6.4840942356519171e-01
    -6.6241270270325087e-02 1.2117177678322580e+01
    -6.5522916327136983e+01 8.1397694189050173e+02
    -6.4798587666420160e-02 -1.1839619717277683e-01
    -2.8146254584119842e-02 -5.0382377994120311e+01
    3.2997588090832302e+01 9.1763621920263722e+02
    -1.0878755248014075e-02 -9.3230324318883794e-03
    -5.4862305470523294e-02 -1.0825065459005583e+02
    1.2433474936167862e+02 9.1491210041406350e+02 8.8360273997078447e-03
    -4.4602357644283740e-02 -2.9319941912440646e-02
    1.1277374253579579e+02 6.6527278224251738e+00 9.0858698193461339e+02
    -3.9426769410370814e-02 -7.2484148441358219e-03
    -3.8681890881276680e-02 6.2201631825368288e+01
    4.5155955876523940e+01 9.0854082076728923e+02
    -8.9023864989537706e-03 -2.5872741855266654e-02
    -2.6706603676445825e-02 -1.5841772886424103e+01
    1.5016018682115380e+01 9.2365627449202009e+02
    -2.5270737728862402e-02 2.6875244360934164e-02
    -1.3344797265809779e-03 -1.9166718374331560e+02
    2.0107103625866793e+00 9.9888052839344141e+02
    -2.3721361175350543e-02 1.4443860683645585e-01
    -1.6973214919223798e-02 -4.2011294080638021e+02
    3.9701537727157195e+01 1.0505450119897350e+03
    -2.8774666921455080e-02 1.3341887094009203e-01
    6.7753233507355836e-03 -5.3968284082346202e+02
    4.9165547434284711e+01 1.0291635270730412e+03
    -7.9062939813637836e-02 1.4472143135531065e-01
    1.1461472835047578e-02 -5.1029416672164126e+02
    1.2048683055173978e+01 1.0300260951631412e+03
    -5.6159725701285440e-02 1.5887227243291721e-01
    5.6945348850218513e-02 -5.0251081767943748e+02
    -2.2801166343879069e+02 1.0612129061462967e+03
    -5.8859349660277539e-02 1.6455994011333319e-01
    2.3570675521022308e-02 -4.7900099230599466e+02
    -3.1695304200477591e+02 1.0357717294847948e+03
    -7.2636370805938377e-02 1.0770306629663112e-01
    5.1583623364717390e-02 -4.2519971843359787e+02
    -2.7374250904250209e+02 1.0354632444287549e+03
    -1.3076051974737921e-01 7.9226913311315796e-03
    -3.0580980105553764e-02 -1.8400765748233556e+02
    -1.3880059148097141e+02 7.9370341196745301e+02
    -6.1885954293653005e-02 2.5191057402797680e-02
    -5.7164924182738549e-03 -1.8844754251741162e+02
    -1.8664350617323819e+02 1.1371967875490093e+03
    -1.1587771914644206e-02 9.4697853517825628e-02
    4.1956516885600467e-02 -1.5913208261905694e+02
    -1.7102509612606468e+02 1.3737887955742469e+03
    -9.0417764790622621e-02 7.0128832634025459e-02
    8.6489020614105003e-02 -2.1565762033584909e+02
    -2.8708520776416837e+01 1.3399692905353586e+03
    -4.9782150071525651e-02 4.8531890013125439e-02
    -9.4352666313512034e-03 -2.3710051770328073e+02
    9.0755178016311699e+00 1.3224818963094194e+03
    -6.0109603191649395e-02 1.1220241821463123e-01
    4.8073560576714282e-02 -3.5121414806595902e+02
    -1.7814616867798738e+00 1.3454194819737465e+03
    9.1894540974606448e-02 4.8196748339664301e-02
    -1.6396783478352550e-02 -1.7030325975762003e+02
    2.9792875366551733e+01 1.2638781808949864e+03</data></Extrinsic_Parameters>
