%YAML:1.0
R: !!opencv-matrix
   rows: 3
   cols: 3
   dt: d
   data: [ 9.9985238599777859e-01, 4.3608915790316451e-03,
       1.6618930145619819e-02, -4.7042197299956593e-03,
       9.9977515984349230e-01, 2.0676074981760450e-02,
       -1.6525027421489501e-02, -2.0751202002664611e-02,
       9.9964809362303275e-01 ]
T: !!opencv-matrix
   rows: 3
   cols: 1
   dt: d
   data: [ -9.2953936434424875e+00, -2.6096811804791248e-01,
       1.7255948555437490e+00 ]
R1: !!opencv-matrix
   rows: 3
   cols: 3
   dt: d
   data: [ 9.8556766430499076e-01, 3.5658772817218368e-02,
       -1.6548362758162771e-01, -3.3998256441709042e-02,
       9.9933918941422162e-01, 1.2857023755525998e-02,
       1.6583273993795267e-01, -7.0453120652230871e-03,
       9.8612872686205366e-01 ]
R2: !!opencv-matrix
   rows: 3
   cols: 3
   dt: d
   data: [ 9.8282752391267714e-01, 2.7592876549356431e-02,
       -1.8245188791406886e-01, -2.9421557987620618e-02,
       9.9954026589041955e-01, -7.3231679818542145e-03,
       1.8216594128776389e-01, 1.2565429855017005e-02,
       9.8318750999354210e-01 ]
P1: !!opencv-matrix
   rows: 3
   cols: 4
   dt: d
   data: [ 5.0431070124997444e+02, 0., 4.3415429687500000e+02, 0., 0.,
       5.0431070124997444e+02, 2.4036280059814453e+02, 0., 0., 0., 1.,
       0. ]
P2: !!opencv-matrix
   rows: 3
   cols: 4
   dt: d
   data: [ 5.0431070124997444e+02, 0., 4.3415429687500000e+02,
       -4.7696735924293644e+03, 0., 5.0431070124997444e+02,
       2.4036280059814453e+02, 0., 0., 0., 1., 0. ]
Q: !!opencv-matrix
   rows: 4
   cols: 4
   dt: d
   data: [ 1., 0., 0., -4.3415429687500000e+02, 0., 1., 0.,
       -2.4036280059814453e+02, 0., 0., 0., 5.0431070124997444e+02, 0.,
       0., 1.0573274910267205e-01, 0. ]
