%YAML:1.0
M1: !!opencv-matrix
   rows: 3
   cols: 3
   dt: d
   data: [ 5.5816063427893391e+02, 0., 2.9856673716144530e+02, 0.,
       5.5816063427893391e+02, 2.4774843985912622e+02, 0., 0., 1. ]
D1: !!opencv-matrix
   rows: 1
   cols: 14
   dt: d
   data: [ 7.8749856476024269e-02, -1.2760255612589702e-01, 0., 0., 0.,
       0., 0., -4.8600121588512146e-01, 0., 0., 0., 0., 0., 0. ]
M2: !!opencv-matrix
   rows: 3
   cols: 3
   dt: d
   data: [ 5.5816063427893391e+02, 0., 2.7670185361085822e+02, 0.,
       5.5816063427893391e+02, 2.3377149130920208e+02, 0., 0., 1. ]
D2: !!opencv-matrix
   rows: 1
   cols: 14
   dt: d
   data: [ 2.5763099963700475e-01, -1.1990066266687165e+00, 0., 0., 0.,
       0., 0., -2.5139592117953833e+00, 0., 0., 0., 0., 0., 0. ]
