%YAML:1.0
M1: !!opencv-matrix
   rows: 3
   cols: 3
   dt: d
   data: [ 8.4891534598466251e+02, 0., 3.3750507062244236e+02, 0.,
       8.4891534598466251e+02, 2.0110534823775095e+02, 0., 0., 1. ]
D1: !!opencv-matrix
   rows: 1
   cols: 8
   dt: d
   data: [ 4.4636931520137063e-01, -3.1027153290468781e+00, 0., 0., 0.,
       0., 0., -8.9138642975864251e+00 ]
M2: !!opencv-matrix
   rows: 3
   cols: 3
   dt: d
   data: [ 8.4891534598466251e+02, 0., 3.5688781300622617e+02, 0.,
       8.4891534598466251e+02, 1.9803796022940259e+02, 0., 0., 1. ]
D2: !!opencv-matrix
   rows: 1
   cols: 8
   dt: d
   data: [ 4.0906863118487224e-01, -2.1200185006653189e+00, 0., 0., 0.,
       0., 0., -4.4368729821043047e+00 ]
